3
7
9
10
11
13
16
17
18
19
20
21
24
25
26
29
31
33
34
37
38
40
42
44
45
46
48
49
50
51
53
54
55
56
61
62
63
64
65
67
72
73
76
78
79
82
83
86
88
89
92
93
94
95
96
97
98
99
100
101
103
104
105
106
107
326
330
331
337
343
349
350
351
355
358
365
369
370
377
381
384
387
389
392
398
399
403
404
409
411
421
422
423
424
425
428
435
436
440
455
458
468
471
474
475
476
477
563
573
636
643
764
890
894
895
896
898
899
900
902
903
904
906
907
908
909
911
912
913
914
916
917
923
924
927
931
932
938
939
940
941
944
946
948
949
950
953
955
956
957
959
962
965
966
973
976
978
992
1008
1034
1035
1083
1091
1094
1095

28
47
60
77
90
108
109
113
115
124
130
132
133
134
135
136
137
138
139
140
141
143
144
145
146
147
148
149
150
151
152
154
155
156
157
158
159
160
161
162
163
165
166
167
168
169
170
171
172
173
174
176
177
178
179
180
181
182
183
184
185
187
188
189
191
192
193
194
195
196
197
198
199
200
201
202
203
204
205
206
207
210
211
212
213
214
215
216
217
218
221
222
223
224
225
226
227
228
229
230
232
233
234
235
236
237
239
240
241
243
244
246
247
248
249
250
251
252
256
257
258
260
261
263
266
267
268
271
272
277
278
279
281
283
287
288
289
290
293
294
295
298
299
300
301
302
303
304
305
306
307
308
309
310
311
312
313
315
317
318
322
323
324
325
328
329
332
333
335
336
338
339
340
341
344
345
346
347
348
352
354
356
357
359
360
361
362
366
367
368
371
373
374
378
380
382
383
385
388
390
391
393
394
395
396
400
401
402
405
406
407
410
412
413
414
415
416
417
418
420
426
427
429
432
433
434
437
439
441
443
444
445
447
448
449
450
451
452
453
454
456
457
459
460
461
462
463
465
466
467
469
470
472
479
480
481
482
483
484
485
487
488
489
490
492
493
494
495
496
498
499
500
501
502
503
504
505
506
507
509
510
512
513
514
515
516
517
518
520
522
523
524
525
526
528
529
531
533
535
538
548
550
551
554
555
556
557
562
565
566
567
568
569
570
571
572
574
576
577
578
579
580
582
583
584
585
587
588
590
591
592
593
594
595
596
599
600
601
602
603
604
605
606
607
609
610
611
612
613
614
615
616
617
618
620
622
627
629
631
638
642
644
645
646
647
648
649
672
673
676
679
680
681
683
684
687
691
692
695
699
700
703
705
706
709
710
712
713
714
716
717
718
720
721
722
723
725
726
727
728
729
730
731
732
733
734
735
736
737
738
739
740
741
742
743
744
745
746
747
748
753
754
755
756
757
758
759
760
761
762
765
766
767
768
769
770
771
772
773
774
776
777
779
780
782
783
784
785
787
788
789
790
791
792
793
794
795
798
799
800
801
802
803
806
809
811
813
814
815
816
820
822
824
825
826
827
828
829
831
832
833
834
835
836
837
838
839
840
842
843
844
845
846
847
848
849
850
851
853
855
856
857
858
859
860
861
862
864
865
867
869
871
876
878
879
880
881
882
883
884
887
888
891
893
915
936
937
945
951
961
967
968
977
984
987
988
989
991
993
995
997
1001
1002
1004
1005
1006
1007
1009
1010
1014
1015
1016
1017
1018
1020
1026
1028
1031
1036
1038
1040
1043
1044
1045
1050
1054
1055
1056
1057
1058
1060
1066
1068
1069
1071
1073
1075
1077
1078
1079
1086
1089

254
255
259
262
265
269
273
276
292
296
314
316
321
327
363
372
376
379
446
473
478
511
549
552
559
560
781
885

41
43
87
581
589
621
623
624
625
626
628
632
633
634
635
637
639
640
650
651
654
655
656
657
658
659
660
661
662
663
665
666
667
668
669
670
671
674
677
678
682
685
690
693
694
696
698
701
702
749
804
805
807
810
812
817
866
870
905
935
942

1
2
4
12
14
22
36
57
58
69
71
74
75
80
81
84
85
91
102
110
111
112
114
116
117
118
119
120
121
122
123
125
126
127
128
129
131
142
153
164
175
186
190
208
209
219
220
231
238
242
245
253
264
270
274
275
280
282
284
285
286
291
297
319
320
334
342
353
364
375
386
397
408
419
430
431
438
442
464
486
491
497
508
519
521
527
530
532
534
536
537
539
540
541
542
543
544
545
546
547
553
558
561
564
575
586
597
598
608
619
630
641
652
653
664
675
686
688
689
697
707
708
711
719
724
750
751
752
763
775
778
786
796
797
808
818
819
823
830
841
852
863
874
875
886
897
919
930
933
947
952
963
974
985
986
1011
1013
1019
1023
1030
1037
1041
1042
1052
1059
1063
1074
1081
1084
1085
1088
1090

715
996

5
6
8
15
23
27
30
32
35
39
52
59
66
68
70
704
821
854
868
872
873
877
889
892
901
910
918
920
921
922
925
926
928
929
934
943
960
964
969
970
971
972
975
979
980
981
982
983
990
994
998
999
1000
1003
1012
1021
1022
1024
1025
1027
1029
1032
1033
1039
1046
1047
1048
1049
1051
1053
1061
1062
1064
1065
1067
1070
1072
1076
1080
1082
1087
1092
1093

954
958

