5
6
8
15
30
704
872
873
889
918
920
921
922
925
928
929
934
943
960
964
971
975
979
980
981
982
983
1021
1022
1024
1025
1027
1033
1048
1049
1051
1053
1082
1087
1092
1093

13
636

16
17
18
19
37
40
55
72
76
93
103
890
894
895
896
898
899
900
902
903
906
907
909
912
913
914
923
924
927
931
939
940
944
946
948
949
950
953
955
965
966
973
976
978
992
1083
1095

23
27
32
35
39
52
59
66
68
70
821
868
877
892
901
910
926
969
970
972
990
994
998
999
1000
1003
1012
1029
1032
1039
1046
1047
1061
1062
1064
1065
1067
1070
1072
1076
1080

7
9
10
20
21
24
26
29
31
33
34
38
42
44
45
46
48
49
50
51
54
56
61
62
63
64
65
67
73
78
79
82
83
86
88
89
92
94
95
96
97
100
101
104
105
106
107
916
932
956
1091
1094

3
11
25
53
98
99
326
330
331
337
343
349
350
351
355
358
365
369
370
377
381
384
387
389
392
398
399
403
404
409
411
421
422
423
424
425
428
435
436
440
455
458
468
471
474
475
476
477
563
573
643
764
904
908
911
917
938
941
957
959
962
1008
1034
1035

108
218
250
251
252
277
287
294
305
346
382
414
450
528
566
672
714
780
782
783
815
816
833
836
839
840
845
847
848
849
851
858
860
861
862
864
945
984
988
989
991
993

47
140
152
157
160
172
185
193
196
257
258
271
288
371
390
449
512
523
531
533
538
548
550
551
556
741
997
1005
1009
1010
1018
1031

28
77
90
124
130
132
133
134
135
136
137
138
139
141
143
144
145
146
147
148
149
150
151
154
155
156
158
159
161
162
163
165
166
167
168
170
171
173
176
177
178
179
180
181
183
184
187
188
189
191
192
194
195
198
199
200
201
202
203
204
205
206
207
210
211
212
213
214
215
216
217
221
222
223
224
225
226
227
228
229
230
232
233
234
235
236
237
239
240
241
243
244
246
247
248
249
256
260
261
263
266
267
268
272
278
279
281
283
289
290
293
298
299
300
301
302
303
304
306
307
309
310
311
312
313
315
317
318
323
324
325
328
329
333
335
336
340
341
345
352
354
356
357
359
360
361
367
368
373
374
378
380
385
388
391
393
394
395
401
402
406
407
416
420
427
429
433
439
441
443
444
445
447
448
451
453
454
460
461
462
465
467
469
472
479
481
482
483
484
485
487
489
490
492
493
494
495
496
499
500
501
503
504
507
509
510
513
514
517
520
524
525
526
554
555
557
562
565
567
568
570
571
572
574
576
577
578
579
580
582
583
584
585
587
588
591
592
593
594
595
596
599
600
601
602
603
604
605
606
607
609
610
611
612
613
614
615
616
617
618
620
622
627
629
631
638
642
644
645
646
647
648
649
673
676
679
680
683
684
687
691
692
695
699
700
703
705
706
709
710
712
713
716
717
718
720
721
722
723
725
726
727
728
729
730
731
732
733
734
735
736
737
738
739
740
742
743
744
745
746
747
748
753
754
755
756
757
758
759
760
761
762
766
767
768
769
770
771
772
773
774
776
777
779
784
785
787
788
789
790
791
792
793
794
795
802
806
811
814
820
828
832
834
844
855
856
867
884
891
893
915
967
977
987
995
1001
1002
1004
1006
1007
1014
1015
1016
1017
1020
1026
1028
1068
1079

109
113
115
169
174
182
197
295
308
322
338
339
344
347
348
362
366
383
396
400
405
410
412
413
415
417
418
426
432
434
437
452
456
457
459
463
466
470
480
488
498
502
505
506
515
516
518
522
529
535
569
590
681
850
887
888

4
12
22
57
71
74
75
81
84
85
190
219
270
280
282
284
285
291
334
438
491
521
527
532
534
536
537
539
540
543
544
545
546
547
558
561
711
818
823
933
947
1011
1013
1023
1037
1042
1059
1081
1084
1088
1090

1
2
14
36
58
69
80
91
102
110
111
112
114
116
117
118
119
120
121
122
123
125
126
127
128
129
131
142
153
164
175
186
208
209
220
231
238
242
245
253
264
274
275
286
297
319
320
342
353
364
375
386
397
408
419
430
431
442
464
486
497
508
519
530
541
542
553
564
575
586
597
608
619
630
641
652
653
664
675
686
688
689
697
707
708
719
724
750
751
752
763
775
778
786
796
797
808
819
830
841
852
863
874
875
886
897
919
930
952
963
974
985
986
1019
1030
1041
1052
1063
1074
1085

254
255
259
262
265
269
273
276
292
296
314
316
321
327
363
372
376
379
446
473
478
511
549
552
559
560
781
885

332
961

41
43
87
581
589
621
623
624
625
626
628
632
633
634
635
637
639
640
650
651
654
655
656
657
658
659
660
661
662
663
665
666
667
668
669
670
671
674
677
678
682
685
690
693
694
696
698
701
702
749
804
805
807
810
812
817
866
870
905
935
942

598

715
996

60
765
798
799
800
801
803
809
813
822
824
825
826
827
829
831
835
837
838
842
843
846
853
857
859
865
869
871
876
878
879
880
881
882
883
936
937
951
968
1036
1038
1040
1043
1044
1045
1050
1054
1055
1056
1057
1058
1060
1066
1069
1071
1073
1075
1077
1078
1086
1089

854

954
958

